517 512 498
523 512 498
503 513 498
506 513 498
508 513 498
515 513 498
524 513 498
525 513 498
526 513 498
528 513 498
529 513 498
530 513 498
531 513 498
499 514 498
500 514 498
502 514 498
507 514 498
511 514 498
512 514 498
515 514 498
516 514 498
519 514 498
522 514 498
526 514 498
528 514 498
530 514 498
500 515 498
502 515 498
503 515 498
507 515 498
526 515 498
530 515 498
511 509 499
516 509 499
523 509 499
525 509 499
527 509 499
529 509 499
501 510 499
506 510 499
510 510 499
513 510 499
517 510 499
526 510 499
528 510 499
529 510 499
531 510 499
500 511 499
507 511 499
510 511 499
513 511 499
514 511 499
515 511 499
516 511 499
517 511 499
519 511 499
520 511 499
521 511 499
522 511 499
524 511 499
525 511 499
526 511 499
529 511 499
530 511 499
531 511 499
499 512 499
500 512 499
502 512 499
503 512 499
504 512 499
505 512 499
506 512 499
507 512 499
508 512 499
509 512 499
512 512 499
513 512 499
514 512 499
516 512 499
517 512 499
520 512 499
521 512 499
522 512 499
523 512 499
524 512 499
525 512 499
526 512 499
527 512 499
529 512 499
530 512 499
531 512 499
499 513 499
500 513 499
501 513 499
503 513 499
504 513 499
505 513 499
506 513 499
507 513 499
508 513 499
509 513 499
510 513 499
511 513 499
512 513 499
513 513 499
514 513 499
516 513 499
517 513 499
518 513 499
519 513 499
521 513 499
522 513 499
523 513 499
524 513 499
525 513 499
526 513 499
527 513 499
528 513 499
529 513 499
530 513 499
531 513 499
532 513 499
499 514 499
500 514 499
501 514 499
502 514 499
503 514 499
504 514 499
505 514 499
506 514 499
507 514 499
508 514 499
509 514 499
510 514 499
511 514 499
512 514 499
513 514 499
514 514 499
515 514 499
516 514 499
517 514 499
518 514 499
519 514 499
520 514 499
521 514 499
522 514 499
523 514 499
524 514 499
525 514 499
526 514 499
527 514 499
528 514 499
529 514 499
530 514 499
531 514 499
499 515 499
500 515 499
501 515 499
502 515 499
503 515 499
504 515 499
505 515 499
506 515 499
507 515 499
508 515 499
509 515 499
510 515 499
511 515 499
512 515 499
513 515 499
514 515 499
515 515 499
516 515 499
517 515 499
518 515 499
519 515 499
520 515 499
521 515 499
522 515 499
523 515 499
524 515 499
525 515 499
526 515 499
527 515 499
528 515 499
529 515 499
530 515 499
502 516 499
515 516 499
518 516 499
521 516 499
522 516 499
523 516 499
524 516 499
525 516 499
528 516 499
529 516 499
530 516 499
499 499 500
500 499 500
503 499 500
506 499 500
499 500 500
500 500 500
501 500 500
502 500 500
503 500 500
504 500 500
505 500 500
506 500 500
507 500 500
508 500 500
509 500 500
510 500 500
511 500 500
512 500 500
513 500 500
514 500 500
515 500 500
516 500 500
517 500 500
518 500 500
519 500 500
520 500 500
521 500 500
522 500 500
523 500 500
524 500 500
525 500 500
526 500 500
527 500 500
528 500 500
529 500 500
530 500 500
531 500 500
532 500 500
499 501 500
500 501 500
501 501 500
502 501 500
503 501 500
504 501 500
505 501 500
506 501 500
507 501 500
508 501 500
509 501 500
510 501 500
511 501 500
512 501 500
513 501 500
514 501 500
515 501 500
516 501 500
517 501 500
518 501 500
519 501 500
520 501 500
521 501 500
522 501 500
523 501 500
524 501 500
525 501 500
526 501 500
527 501 500
528 501 500
529 501 500
530 501 500
531 501 500
532 501 500
499 502 500
500 502 500
501 502 500
502 502 500
504 502 500
505 502 500
506 502 500
507 502 500
508 502 500
509 502 500
510 502 500
511 502 500
512 502 500
513 502 500
514 502 500
515 502 500
516 502 500
517 502 500
518 502 500
519 502 500
520 502 500
521 502 500
522 502 500
523 502 500
524 502 500
525 502 500
526 502 500
527 502 500
528 502 500
529 502 500
530 502 500
531 502 500
532 502 500
499 503 500
500 503 500
501 503 500
502 503 500
503 503 500
504 503 500
505 503 500
506 503 500
507 503 500
508 503 500
509 503 500
510 503 500
511 503 500
512 503 500
513 503 500
514 503 500
515 503 500
516 503 500
517 503 500
518 503 500
519 503 500
520 503 500
521 503 500
522 503 500
523 503 500
524 503 500
525 503 500
526 503 500
527 503 500
528 503 500
529 503 500
530 503 500
531 503 500
532 503 500
499 504 500
500 504 500
501 504 500
502 504 500
503 504 500
504 504 500
505 504 500
506 504 500
507 504 500
508 504 500
509 504 500
510 504 500
511 504 500
512 504 500
513 504 500
514 504 500
515 504 500
516 504 500
517 504 500
518 504 500
519 504 500
520 504 500
521 504 500
522 504 500
523 504 500
524 504 500
525 504 500
526 504 500
527 504 500
528 504 500
529 504 500
530 504 500
531 504 500
532 504 500
499 505 500
500 505 500
501 505 500
502 505 500
503 505 500
504 505 500
505 505 500
506 505 500
507 505 500
508 505 500
509 505 500
510 505 500
511 505 500
512 505 500
513 505 500
514 505 500
515 505 500
516 505 500
517 505 500
518 505 500
519 505 500
520 505 500
521 505 500
522 505 500
523 505 500
524 505 500
525 505 500
526 505 500
527 505 500
528 505 500
529 505 500
530 505 500
531 505 500
532 505 500
498 506 500
499 506 500
500 506 500
501 506 500
502 506 500
503 506 500
504 506 500
505 506 500
506 506 500
507 506 500
508 506 500
509 506 500
510 506 500
511 506 500
512 506 500
513 506 500
514 506 500
515 506 500
516 506 500
517 506 500
518 506 500
519 506 500
520 506 500
521 506 500
522 506 500
523 506 500
524 506 500
525 506 500
526 506 500
527 506 500
528 506 500
529 506 500
530 506 500
531 506 500
532 506 500
498 507 500
499 507 500
500 507 500
501 507 500
502 507 500
503 507 500
504 507 500
505 507 500
506 507 500
507 507 500
508 507 500
509 507 500
510 507 500
511 507 500
512 507 500
513 507 500
514 507 500
515 507 500
516 507 500
517 507 500
518 507 500
519 507 500
520 507 500
521 507 500
522 507 500
523 507 500
524 507 500
525 507 500
526 507 500
527 507 500
528 507 500
529 507 500
530 507 500
531 507 500
532 507 500
498 508 500
499 508 500
500 508 500
501 508 500
502 508 500
503 508 500
504 508 500
505 508 500
506 508 500
507 508 500
508 508 500
509 508 500
510 508 500
511 508 500
512 508 500
513 508 500
514 508 500
515 508 500
516 508 500
517 508 500
518 508 500
519 508 500
520 508 500
521 508 500
522 508 500
523 508 500
524 508 500
525 508 500
526 508 500
527 508 500
528 508 500
529 508 500
530 508 500
531 508 500
532 508 500
498 509 500
499 509 500
500 509 500
501 509 500
502 509 500
503 509 500
504 509 500
505 509 500
506 509 500
507 509 500
508 509 500
509 509 500
510 509 500
511 509 500
512 509 500
513 509 500
514 509 500
515 509 500
516 509 500
517 509 500
518 509 500
519 509 500
520 509 500
521 509 500
522 509 500
523 509 500
524 509 500
525 509 500
526 509 500
527 509 500
528 509 500
529 509 500
530 509 500
531 509 500
532 509 500
498 510 500
499 510 500
500 510 500
501 510 500
502 510 500
503 510 500
504 510 500
505 510 500
506 510 500
507 510 500
508 510 500
509 510 500
510 510 500
511 510 500
512 510 500
513 510 500
514 510 500
515 510 500
516 510 500
517 510 500
518 510 500
519 510 500
520 510 500
521 510 500
522 510 500
523 510 500
524 510 500
525 510 500
526 510 500
527 510 500
528 510 500
529 510 500
530 510 500
531 510 500
532 510 500
498 511 500
499 511 500
500 511 500
501 511 500
502 511 500
503 511 500
504 511 500
505 511 500
506 511 500
507 511 500
508 511 500
509 511 500
510 511 500
511 511 500
512 511 500
513 511 500
514 511 500
515 511 500
516 511 500
517 511 500
518 511 500
519 511 500
520 511 500
521 511 500
522 511 500
523 511 500
524 511 500
525 511 500
526 511 500
527 511 500
528 511 500
529 511 500
530 511 500
531 511 500
532 511 500
498 512 500
499 512 500
500 512 500
501 512 500
502 512 500
503 512 500
504 512 500
505 512 500
506 512 500
507 512 500
508 512 500
509 512 500
510 512 500
511 512 500
512 512 500
513 512 500
514 512 500
515 512 500
516 512 500
517 512 500
518 512 500
519 512 500
520 512 500
521 512 500
522 512 500
523 512 500
524 512 500
525 512 500
526 512 500
527 512 500
528 512 500
529 512 500
530 512 500
531 512 500
532 512 500
498 513 500
499 513 500
500 513 500
501 513 500
502 513 500
503 513 500
504 513 500
505 513 500
506 513 500
507 513 500
508 513 500
509 513 500
510 513 500
511 513 500
512 513 500
513 513 500
514 513 500
515 513 500
516 513 500
517 513 500
518 513 500
519 513 500
520 513 500
521 513 500
522 513 500
523 513 500
524 513 500
525 513 500
526 513 500
527 513 500
528 513 500
529 513 500
530 513 500
531 513 500
532 513 500
498 514 500
499 514 500
500 514 500
501 514 500
502 514 500
503 514 500
504 514 500
505 514 500
506 514 500
507 514 500
508 514 500
509 514 500
510 514 500
511 514 500
512 514 500
513 514 500
514 514 500
515 514 500
516 514 500
517 514 500
518 514 500
519 514 500
520 514 500
521 514 500
522 514 500
523 514 500
524 514 500
525 514 500
526 514 500
527 514 500
528 514 500
529 514 500
530 514 500
531 514 500
532 514 500
498 515 500
499 515 500
500 515 500
501 515 500
502 515 500
503 515 500
504 515 500
505 515 500
506 515 500
507 515 500
508 515 500
509 515 500
510 515 500
511 515 500
512 515 500
513 515 500
514 515 500
515 515 500
516 515 500
517 515 500
518 515 500
519 515 500
520 515 500
521 515 500
522 515 500
523 515 500
524 515 500
525 515 500
526 515 500
527 515 500
528 515 500
529 515 500
530 515 500
531 515 500
532 515 500
499 516 500
500 516 500
501 516 500
502 516 500
503 516 500
504 516 500
505 516 500
506 516 500
507 516 500
508 516 500
509 516 500
510 516 500
511 516 500
512 516 500
513 516 500
514 516 500
515 516 500
516 516 500
517 516 500
518 516 500
519 516 500
520 516 500
521 516 500
522 516 500
523 516 500
524 516 500
525 516 500
526 516 500
527 516 500
528 516 500
529 516 500
530 516 500
531 516 500
523 517 500
524 517 500
525 517 500
526 517 500
527 517 500
528 517 500
529 517 500
530 517 500
531 517 500
499 499 501
500 499 501
501 499 501
502 499 501
503 499 501
505 499 501
499 500 501
500 500 501
501 500 501
502 500 501
503 500 501
504 500 501
505 500 501
506 500 501
507 500 501
508 500 501
509 500 501
510 500 501
511 500 501
512 500 501
513 500 501
514 500 501
515 500 501
516 500 501
517 500 501
518 500 501
519 500 501
520 500 501
521 500 501
522 500 501
523 500 501
524 500 501
525 500 501
526 500 501
527 500 501
528 500 501
529 500 501
530 500 501
531 500 501
532 500 501
499 501 501
500 501 501
501 501 501
502 501 501
503 501 501
504 501 501
505 501 501
506 501 501
507 501 501
508 501 501
509 501 501
510 501 501
511 501 501
512 501 501
513 501 501
514 501 501
515 501 501
516 501 501
517 501 501
518 501 501
519 501 501
520 501 501
521 501 501
522 501 501
523 501 501
524 501 501
525 501 501
526 501 501
527 501 501
528 501 501
529 501 501
530 501 501
531 501 501
532 501 501
499 502 501
500 502 501
501 502 501
502 502 501
503 502 501
504 502 501
505 502 501
506 502 501
507 502 501
508 502 501
509 502 501
510 502 501
511 502 501
512 502 501
513 502 501
514 502 501
515 502 501
516 502 501
517 502 501
518 502 501
519 502 501
520 502 501
521 502 501
522 502 501
523 502 501
524 502 501
525 502 501
526 502 501
528 502 501
529 502 501
530 502 501
531 502 501
532 502 501
499 503 501
500 503 501
501 503 501
502 503 501
503 503 501
504 503 501
505 503 501
506 503 501
507 503 501
508 503 501
509 503 501
510 503 501
511 503 501
512 503 501
513 503 501
514 503 501
515 503 501
516 503 501
517 503 501
518 503 501
519 503 501
520 503 501
521 503 501
522 503 501
523 503 501
524 503 501
525 503 501
526 503 501
527 503 501
528 503 501
529 503 501
530 503 501
531 503 501
532 503 501
499 504 501
500 504 501
502 504 501
503 504 501
504 504 501
505 504 501
506 504 501
507 504 501
508 504 501
509 504 501
510 504 501
511 504 501
512 504 501
513 504 501
514 504 501
515 504 501
516 504 501
517 504 501
518 504 501
519 504 501
520 504 501
521 504 501
522 504 501
523 504 501
524 504 501
525 504 501
526 504 501
527 504 501
528 504 501
529 504 501
530 504 501
531 504 501
532 504 501
498 505 501
499 505 501
500 505 501
501 505 501
502 505 501
503 505 501
504 505 501
505 505 501
506 505 501
507 505 501
508 505 501
509 505 501
510 505 501
511 505 501
512 505 501
513 505 501
514 505 501
515 505 501
516 505 501
517 505 501
518 505 501
519 505 501
520 505 501
521 505 501
522 505 501
523 505 501
524 505 501
525 505 501
526 505 501
527 505 501
528 505 501
529 505 501
530 505 501
531 505 501
532 505 501
498 506 501
499 506 501
500 506 501
501 506 501
502 506 501
503 506 501
504 506 501
505 506 501
506 506 501
507 506 501
508 506 501
509 506 501
510 506 501
511 506 501
512 506 501
513 506 501
514 506 501
515 506 501
516 506 501
517 506 501
518 506 501
519 506 501
520 506 501
521 506 501
522 506 501
524 506 501
525 506 501
526 506 501
527 506 501
528 506 501
529 506 501
530 506 501
531 506 501
532 506 501
498 507 501
499 507 501
500 507 501
501 507 501
502 507 501
503 507 501
504 507 501
505 507 501
506 507 501
507 507 501
508 507 501
509 507 501
510 507 501
511 507 501
512 507 501
513 507 501
514 507 501
515 507 501
516 507 501
517 507 501
518 507 501
519 507 501
520 507 501
521 507 501
522 507 501
523 507 501
524 507 501
525 507 501
526 507 501
528 507 501
529 507 501
530 507 501
531 507 501
532 507 501
498 508 501
499 508 501
500 508 501
501 508 501
502 508 501
503 508 501
504 508 501
505 508 501
506 508 501
507 508 501
509 508 501
510 508 501
511 508 501
512 508 501
513 508 501
514 508 501
515 508 501
516 508 501
517 508 501
518 508 501
519 508 501
520 508 501
521 508 501
522 508 501
523 508 501
529 508 501
530 508 501
531 508 501
532 508 501
498 509 501
499 509 501
500 509 501
501 509 501
503 509 501
504 509 501
505 509 501
506 509 501
507 509 501
508 509 501
510 509 501
511 509 501
513 509 501
514 509 501
516 509 501
518 509 501
521 509 501
529 509 501
530 509 501
531 509 501
532 509 501
498 510 501
499 510 501
500 510 501
501 510 501
502 510 501
503 510 501
504 510 501
505 510 501
506 510 501
508 510 501
509 510 501
511 510 501
514 510 501
516 510 501
529 510 501
530 510 501
531 510 501
532 510 501
498 511 501
499 511 501
500 511 501
501 511 501
502 511 501
503 511 501
504 511 501
505 511 501
506 511 501
508 511 501
510 511 501
514 511 501
529 511 501
530 511 501
531 511 501
532 511 501
498 512 501
499 512 501
500 512 501
501 512 501
503 512 501
504 512 501
505 512 501
508 512 501
529 512 501
530 512 501
531 512 501
532 512 501
498 513 501
499 513 501
500 513 501
505 513 501
509 513 501
529 513 501
530 513 501
531 513 501
532 513 501
498 514 501
499 514 501
500 514 501
501 514 501
502 514 501
503 514 501
504 514 501
505 514 501
506 514 501
520 514 501
522 514 501
523 514 501
524 514 501
525 514 501
526 514 501
527 514 501
528 514 501
529 514 501
530 514 501
531 514 501
532 514 501
498 515 501
499 515 501
500 515 501
501 515 501
502 515 501
503 515 501
504 515 501
505 515 501
506 515 501
507 515 501
508 515 501
509 515 501
510 515 501
511 515 501
512 515 501
513 515 501
514 515 501
515 515 501
516 515 501
517 515 501
518 515 501
519 515 501
520 515 501
521 515 501
522 515 501
523 515 501
524 515 501
525 515 501
526 515 501
527 515 501
528 515 501
529 515 501
530 515 501
531 515 501
532 515 501
498 516 501
499 516 501
500 516 501
501 516 501
502 516 501
503 516 501
504 516 501
505 516 501
506 516 501
507 516 501
508 516 501
509 516 501
510 516 501
511 516 501
512 516 501
513 516 501
514 516 501
515 516 501
516 516 501
517 516 501
518 516 501
519 516 501
520 516 501
521 516 501
522 516 501
523 516 501
524 516 501
525 516 501
526 516 501
527 516 501
528 516 501
529 516 501
530 516 501
531 516 501
521 517 501
523 517 501
524 517 501
525 517 501
526 517 501
527 517 501
528 517 501
529 517 501
530 517 501
531 517 501
499 499 502
500 499 502
501 499 502
502 499 502
503 499 502
505 499 502
506 499 502
507 499 502
522 499 502
523 499 502
525 499 502
526 499 502
527 499 502
528 499 502
529 499 502
530 499 502
499 500 502
500 500 502
501 500 502
502 500 502
503 500 502
504 500 502
505 500 502
506 500 502
507 500 502
508 500 502
509 500 502
510 500 502
511 500 502
512 500 502
513 500 502
514 500 502
515 500 502
516 500 502
517 500 502
518 500 502
519 500 502
520 500 502
521 500 502
522 500 502
523 500 502
524 500 502
525 500 502
526 500 502
527 500 502
528 500 502
529 500 502
530 500 502
531 500 502
532 500 502
498 501 502
499 501 502
500 501 502
501 501 502
502 501 502
503 501 502
504 501 502
505 501 502
506 501 502
507 501 502
508 501 502
509 501 502
510 501 502
511 501 502
512 501 502
513 501 502
514 501 502
515 501 502
517 501 502
518 501 502
520 501 502
521 501 502
522 501 502
523 501 502
524 501 502
525 501 502
526 501 502
527 501 502
528 501 502
529 501 502
530 501 502
531 501 502
532 501 502
498 502 502
499 502 502
500 502 502
501 502 502
503 502 502
504 502 502
505 502 502
506 502 502
507 502 502
509 502 502
510 502 502
511 502 502
512 502 502
513 502 502
514 502 502
515 502 502
516 502 502
517 502 502
519 502 502
520 502 502
522 502 502
524 502 502
525 502 502
526 502 502
527 502 502
528 502 502
529 502 502
530 502 502
531 502 502
532 502 502
498 503 502
499 503 502
500 503 502
501 503 502
502 503 502
503 503 502
504 503 502
505 503 502
506 503 502
507 503 502
508 503 502
509 503 502
511 503 502
512 503 502
513 503 502
515 503 502
517 503 502
518 503 502
519 503 502
520 503 502
524 503 502
525 503 502
529 503 502
530 503 502
531 503 502
532 503 502
498 504 502
499 504 502
500 504 502
501 504 502
502 504 502
503 504 502
505 504 502
506 504 502
507 504 502
508 504 502
510 504 502
511 504 502
512 504 502
513 504 502
514 504 502
515 504 502
517 504 502
518 504 502
529 504 502
530 504 502
531 504 502
532 504 502
498 505 502
499 505 502
500 505 502
501 505 502
502 505 502
503 505 502
504 505 502
505 505 502
506 505 502
508 505 502
509 505 502
510 505 502
511 505 502
513 505 502
514 505 502
516 505 502
529 505 502
530 505 502
531 505 502
532 505 502
498 506 502
499 506 502
500 506 502
502 506 502
503 506 502
506 506 502
507 506 502
508 506 502
509 506 502
511 506 502
513 506 502
529 506 502
530 506 502
531 506 502
532 506 502
498 507 502
499 507 502
500 507 502
502 507 502
503 507 502
505 507 502
506 507 502
510 507 502
529 507 502
530 507 502
531 507 502
532 507 502
498 508 502
499 508 502
500 508 502
501 508 502
504 508 502
529 508 502
530 508 502
531 508 502
532 508 502
498 509 502
499 509 502
500 509 502
529 509 502
530 509 502
531 509 502
532 509 502
498 510 502
499 510 502
500 510 502
529 510 502
530 510 502
531 510 502
532 510 502
498 511 502
499 511 502
500 511 502
529 511 502
530 511 502
531 511 502
532 511 502
498 512 502
499 512 502
500 512 502
529 512 502
530 512 502
531 512 502
532 512 502
498 513 502
499 513 502
500 513 502
529 513 502
530 513 502
531 513 502
532 513 502
498 514 502
499 514 502
500 514 502
501 514 502
502 514 502
503 514 502
504 514 502
505 514 502
506 514 502
520 514 502
522 514 502
523 514 502
524 514 502
527 514 502
528 514 502
529 514 502
530 514 502
531 514 502
532 514 502
498 515 502
499 515 502
500 515 502
501 515 502
502 515 502
503 515 502
504 515 502
505 515 502
506 515 502
507 515 502
508 515 502
509 515 502
510 515 502
511 515 502
512 515 502
513 515 502
514 515 502
515 515 502
516 515 502
517 515 502
518 515 502
519 515 502
520 515 502
521 515 502
522 515 502
523 515 502
524 515 502
525 515 502
526 515 502
527 515 502
528 515 502
529 515 502
530 515 502
531 515 502
532 515 502
499 516 502
500 516 502
501 516 502
502 516 502
503 516 502
504 516 502
505 516 502
506 516 502
507 516 502
508 516 502
509 516 502
510 516 502
511 516 502
512 516 502
513 516 502
514 516 502
515 516 502
516 516 502
517 516 502
518 516 502
519 516 502
520 516 502
521 516 502
522 516 502
523 516 502
524 516 502
525 516 502
526 516 502
527 516 502
528 516 502
529 516 502
530 516 502
531 516 502
499 517 502
500 517 502
501 517 502
502 517 502
504 517 502
521 517 502
522 517 502
523 517 502
524 517 502
525 517 502
526 517 502
527 517 502
528 517 502
529 517 502
530 517 502
531 517 502
499 499 503
500 499 503
501 499 503
503 499 503
505 499 503
508 499 503
522 499 503
523 499 503
524 499 503
525 499 503
526 499 503
527 499 503
528 499 503
529 499 503
530 499 503
498 500 503
499 500 503
500 500 503
501 500 503
502 500 503
503 500 503
504 500 503
505 500 503
506 500 503
507 500 503
508 500 503
509 500 503
510 500 503
511 500 503
512 500 503
513 500 503
514 500 503
515 500 503
516 500 503
517 500 503
518 500 503
519 500 503
520 500 503
521 500 503
522 500 503
523 500 503
524 500 503
525 500 503
526 500 503
527 500 503
528 500 503
529 500 503
530 500 503
531 500 503
532 500 503
498 501 503
499 501 503
500 501 503
502 501 503
503 501 503
504 501 503
505 501 503
507 501 503
511 501 503
519 501 503
520 501 503
521 501 503
523 501 503
524 501 503
525 501 503
526 501 503
527 501 503
528 501 503
529 501 503
530 501 503
531 501 503
532 501 503
498 502 503
499 502 503
500 502 503
505 502 503
507 502 503
529 502 503
530 502 503
531 502 503
532 502 503
498 503 503
499 503 503
500 503 503
503 503 503
529 503 503
530 503 503
531 503 503
532 503 503
498 504 503
499 504 503
500 504 503
501 504 503
529 504 503
530 504 503
531 504 503
532 504 503
498 505 503
499 505 503
500 505 503
529 505 503
530 505 503
531 505 503
532 505 503
498 506 503
499 506 503
500 506 503
529 506 503
530 506 503
531 506 503
532 506 503
498 507 503
499 507 503
500 507 503
529 507 503
530 507 503
531 507 503
532 507 503
498 508 503
499 508 503
500 508 503
529 508 503
530 508 503
531 508 503
532 508 503
498 509 503
499 509 503
500 509 503
529 509 503
530 509 503
531 509 503
532 509 503
498 510 503
499 510 503
500 510 503
529 510 503
530 510 503
531 510 503
532 510 503
498 511 503
499 511 503
500 511 503
529 511 503
530 511 503
531 511 503
532 511 503
498 512 503
499 512 503
500 512 503
529 512 503
530 512 503
531 512 503
532 512 503
498 513 503
499 513 503
500 513 503
529 513 503
530 513 503
531 513 503
532 513 503
498 514 503
499 514 503
500 514 503
502 514 503
503 514 503
505 514 503
506 514 503
507 514 503
526 514 503
527 514 503
529 514 503
530 514 503
531 514 503
532 514 503
498 515 503
499 515 503
500 515 503
501 515 503
502 515 503
503 515 503
504 515 503
505 515 503
506 515 503
507 515 503
508 515 503
509 515 503
510 515 503
511 515 503
512 515 503
513 515 503
514 515 503
515 515 503
516 515 503
517 515 503
518 515 503
519 515 503
520 515 503
521 515 503
522 515 503
523 515 503
524 515 503
525 515 503
526 515 503
527 515 503
528 515 503
529 515 503
530 515 503
531 515 503
532 515 503
499 516 503
500 516 503
501 516 503
502 516 503
503 516 503
504 516 503
505 516 503
506 516 503
507 516 503
508 516 503
509 516 503
510 516 503
511 516 503
512 516 503
513 516 503
514 516 503
515 516 503
516 516 503
517 516 503
518 516 503
519 516 503
520 516 503
521 516 503
522 516 503
523 516 503
524 516 503
525 516 503
526 516 503
527 516 503
528 516 503
529 516 503
530 516 503
531 516 503
499 517 503
500 517 503
501 517 503
502 517 503
503 517 503
504 517 503
505 517 503
506 517 503
507 517 503
508 517 503
509 517 503
510 517 503
514 517 503
517 517 503
519 517 503
520 517 503
521 517 503
522 517 503
523 517 503
524 517 503
525 517 503
526 517 503
527 517 503
528 517 503
529 517 503
530 517 503
531 517 503
499 499 504
500 499 504
501 499 504
502 499 504
503 499 504
504 499 504
505 499 504
507 499 504
522 499 504
523 499 504
526 499 504
527 499 504
528 499 504
529 499 504
530 499 504
531 499 504
532 499 504
499 500 504
500 500 504
501 500 504
502 500 504
503 500 504
504 500 504
505 500 504
506 500 504
507 500 504
508 500 504
509 500 504
510 500 504
511 500 504
512 500 504
513 500 504
514 500 504
515 500 504
516 500 504
517 500 504
518 500 504
519 500 504
520 500 504
521 500 504
522 500 504
523 500 504
524 500 504
525 500 504
526 500 504
527 500 504
528 500 504
529 500 504
530 500 504
531 500 504
532 500 504
498 501 504
499 501 504
500 501 504
501 501 504
502 501 504
504 501 504
509 501 504
521 501 504
522 501 504
523 501 504
525 501 504
526 501 504
527 501 504
528 501 504
529 501 504
530 501 504
531 501 504
532 501 504
498 502 504
499 502 504
500 502 504
529 502 504
530 502 504
531 502 504
532 502 504
498 503 504
499 503 504
500 503 504
529 503 504
530 503 504
531 503 504
532 503 504
498 504 504
499 504 504
500 504 504
529 504 504
530 504 504
531 504 504
532 504 504
498 505 504
499 505 504
500 505 504
529 505 504
530 505 504
531 505 504
532 505 504
498 506 504
499 506 504
500 506 504
529 506 504
530 506 504
531 506 504
532 506 504
498 507 504
499 507 504
500 507 504
529 507 504
530 507 504
531 507 504
532 507 504
498 508 504
499 508 504
500 508 504
529 508 504
530 508 504
531 508 504
532 508 504
498 509 504
499 509 504
500 509 504
529 509 504
530 509 504
531 509 504
532 509 504
498 510 504
499 510 504
500 510 504
529 510 504
530 510 504
531 510 504
532 510 504
498 511 504
499 511 504
500 511 504
529 511 504
530 511 504
531 511 504
532 511 504
498 512 504
499 512 504
500 512 504
529 512 504
530 512 504
531 512 504
532 512 504
498 513 504
499 513 504
500 513 504
529 513 504
530 513 504
531 513 504
532 513 504
498 514 504
499 514 504
500 514 504
501 514 504
502 514 504
503 514 504
504 514 504
505 514 504
506 514 504
507 514 504
527 514 504
529 514 504
530 514 504
531 514 504
532 514 504
498 515 504
499 515 504
500 515 504
501 515 504
502 515 504
503 515 504
504 515 504
505 515 504
506 515 504
507 515 504
508 515 504
509 515 504
510 515 504
511 515 504
512 515 504
513 515 504
514 515 504
515 515 504
516 515 504
517 515 504
518 515 504
519 515 504
520 515 504
521 515 504
522 515 504
523 515 504
524 515 504
525 515 504
526 515 504
527 515 504
528 515 504
529 515 504
530 515 504
531 515 504
532 515 504
499 516 504
500 516 504
501 516 504
502 516 504
503 516 504
504 516 504
505 516 504
506 516 504
507 516 504
508 516 504
509 516 504
510 516 504
511 516 504
512 516 504
513 516 504
514 516 504
515 516 504
516 516 504
517 516 504
518 516 504
519 516 504
520 516 504
521 516 504
522 516 504
523 516 504
524 516 504
525 516 504
526 516 504
527 516 504
528 516 504
529 516 504
530 516 504
531 516 504
532 516 504
499 517 504
500 517 504
501 517 504
502 517 504
503 517 504
504 517 504
505 517 504
506 517 504
507 517 504
508 517 504
509 517 504
510 517 504
511 517 504
514 517 504
515 517 504
516 517 504
517 517 504
518 517 504
519 517 504
520 517 504
521 517 504
522 517 504
523 517 504
524 517 504
525 517 504
526 517 504
527 517 504
528 517 504
529 517 504
530 517 504
531 517 504
499 499 505
500 499 505
501 499 505
502 499 505
503 499 505
504 499 505
505 499 505
507 499 505
508 499 505
509 499 505
524 499 505
526 499 505
527 499 505
528 499 505
529 499 505
530 499 505
499 500 505
500 500 505
501 500 505
502 500 505
503 500 505
504 500 505
505 500 505
506 500 505
507 500 505
508 500 505
509 500 505
510 500 505
511 500 505
512 500 505
513 500 505
514 500 505
515 500 505
516 500 505
517 500 505
518 500 505
519 500 505
520 500 505
521 500 505
522 500 505
523 500 505
524 500 505
525 500 505
526 500 505
527 500 505
528 500 505
529 500 505
530 500 505
531 500 505
532 500 505
498 501 505
499 501 505
500 501 505
501 501 505
502 501 505
503 501 505
504 501 505
505 501 505
506 501 505
507 501 505
508 501 505
510 501 505
512 501 505
514 501 505
516 501 505
518 501 505
519 501 505
520 501 505
521 501 505
522 501 505
523 501 505
524 501 505
525 501 505
526 501 505
527 501 505
528 501 505
529 501 505
530 501 505
531 501 505
532 501 505
498 502 505
499 502 505
500 502 505
529 502 505
530 502 505
531 502 505
532 502 505
498 503 505
499 503 505
500 503 505
529 503 505
530 503 505
531 503 505
532 503 505
498 504 505
499 504 505
500 504 505
530 504 505
531 504 505
532 504 505
498 505 505
499 505 505
500 505 505
529 505 505
530 505 505
531 505 505
532 505 505
498 506 505
499 506 505
500 506 505
530 506 505
531 506 505
532 506 505
498 507 505
499 507 505
500 507 505
529 507 505
530 507 505
531 507 505
532 507 505
498 508 505
499 508 505
500 508 505
529 508 505
530 508 505
531 508 505
532 508 505
498 509 505
499 509 505
500 509 505
529 509 505
530 509 505
531 509 505
532 509 505
498 510 505
499 510 505
500 510 505
529 510 505
530 510 505
531 510 505
532 510 505
498 511 505
499 511 505
500 511 505
529 511 505
530 511 505
531 511 505
532 511 505
498 512 505
499 512 505
500 512 505
529 512 505
530 512 505
531 512 505
532 512 505
498 513 505
499 513 505
500 513 505
529 513 505
530 513 505
531 513 505
532 513 505
498 514 505
499 514 505
500 514 505
503 514 505
505 514 505
508 514 505
510 514 505
512 514 505
520 514 505
523 514 505
524 514 505
528 514 505
529 514 505
530 514 505
531 514 505
532 514 505
498 515 505
499 515 505
500 515 505
501 515 505
502 515 505
503 515 505
504 515 505
505 515 505
506 515 505
507 515 505
508 515 505
509 515 505
510 515 505
511 515 505
512 515 505
513 515 505
514 515 505
515 515 505
516 515 505
517 515 505
518 515 505
519 515 505
520 515 505
521 515 505
522 515 505
523 515 505
524 515 505
525 515 505
526 515 505
527 515 505
528 515 505
529 515 505
530 515 505
531 515 505
532 515 505
498 516 505
499 516 505
500 516 505
501 516 505
502 516 505
503 516 505
504 516 505
505 516 505
506 516 505
507 516 505
508 516 505
509 516 505
510 516 505
511 516 505
512 516 505
513 516 505
514 516 505
515 516 505
516 516 505
517 516 505
518 516 505
519 516 505
520 516 505
521 516 505
522 516 505
523 516 505
524 516 505
525 516 505
526 516 505
527 516 505
528 516 505
529 516 505
530 516 505
531 516 505
532 516 505
499 517 505
500 517 505
501 517 505
502 517 505
503 517 505
504 517 505
505 517 505
506 517 505
507 517 505
508 517 505
509 517 505
510 517 505
511 517 505
512 517 505
513 517 505
514 517 505
515 517 505
516 517 505
518 517 505
519 517 505
520 517 505
521 517 505
522 517 505
523 517 505
524 517 505
525 517 505
526 517 505
527 517 505
528 517 505
529 517 505
530 517 505
531 517 505
502 518 505
530 518 505
499 499 506
500 499 506
501 499 506
502 499 506
503 499 506
504 499 506
505 499 506
508 499 506
526 499 506
527 499 506
499 500 506
500 500 506
501 500 506
502 500 506
503 500 506
504 500 506
505 500 506
506 500 506
507 500 506
508 500 506
509 500 506
510 500 506
511 500 506
512 500 506
513 500 506
514 500 506
515 500 506
516 500 506
517 500 506
518 500 506
519 500 506
520 500 506
521 500 506
522 500 506
523 500 506
524 500 506
525 500 506
526 500 506
527 500 506
528 500 506
529 500 506
530 500 506
531 500 506
532 500 506
498 501 506
499 501 506
500 501 506
501 501 506
502 501 506
503 501 506
504 501 506
505 501 506
506 501 506
507 501 506
508 501 506
509 501 506
510 501 506
511 501 506
512 501 506
513 501 506
515 501 506
516 501 506
517 501 506
518 501 506
519 501 506
520 501 506
521 501 506
522 501 506
523 501 506
524 501 506
525 501 506
526 501 506
527 501 506
528 501 506
529 501 506
530 501 506
531 501 506
532 501 506
498 502 506
499 502 506
500 502 506
529 502 506
530 502 506
531 502 506
532 502 506
498 503 506
499 503 506
500 503 506
529 503 506
530 503 506
531 503 506
532 503 506
499 504 506
500 504 506
530 504 506
531 504 506
532 504 506
499 505 506
500 505 506
530 505 506
531 505 506
532 505 506
498 506 506
499 506 506
500 506 506
530 506 506
531 506 506
532 506 506
498 507 506
499 507 506
500 507 506
529 507 506
530 507 506
531 507 506
532 507 506
498 508 506
499 508 506
500 508 506
529 508 506
530 508 506
531 508 506
532 508 506
498 509 506
499 509 506
500 509 506
529 509 506
530 509 506
531 509 506
532 509 506
498 510 506
499 510 506
500 510 506
526 510 506
529 510 506
530 510 506
531 510 506
532 510 506
498 511 506
499 511 506
500 511 506
505 511 506
511 511 506
513 511 506
519 511 506
520 511 506
521 511 506
522 511 506
525 511 506
526 511 506
527 511 506
528 511 506
529 511 506
530 511 506
531 511 506
532 511 506
498 512 506
499 512 506
500 512 506
503 512 506
506 512 506
511 512 506
513 512 506
514 512 506
515 512 506
516 512 506
517 512 506
519 512 506
520 512 506
521 512 506
522 512 506
523 512 506
525 512 506
527 512 506
528 512 506
529 512 506
530 512 506
531 512 506
532 512 506
498 513 506
499 513 506
500 513 506
502 513 506
503 513 506
504 513 506
506 513 506
507 513 506
510 513 506
511 513 506
512 513 506
514 513 506
515 513 506
516 513 506
517 513 506
519 513 506
521 513 506
522 513 506
523 513 506
524 513 506
526 513 506
527 513 506
528 513 506
529 513 506
530 513 506
531 513 506
532 513 506
498 514 506
499 514 506
500 514 506
501 514 506
502 514 506
503 514 506
504 514 506
505 514 506
506 514 506
507 514 506
508 514 506
509 514 506
510 514 506
511 514 506
512 514 506
514 514 506
515 514 506
516 514 506
520 514 506
521 514 506
522 514 506
523 514 506
524 514 506
525 514 506
526 514 506
529 514 506
530 514 506
531 514 506
532 514 506
498 515 506
499 515 506
500 515 506
501 515 506
502 515 506
503 515 506
504 515 506
505 515 506
506 515 506
507 515 506
508 515 506
509 515 506
510 515 506
511 515 506
512 515 506
513 515 506
514 515 506
515 515 506
516 515 506
517 515 506
518 515 506
519 515 506
520 515 506
521 515 506
522 515 506
523 515 506
524 515 506
525 515 506
526 515 506
527 515 506
528 515 506
529 515 506
530 515 506
531 515 506
532 515 506
498 516 506
499 516 506
500 516 506
501 516 506
502 516 506
503 516 506
504 516 506
505 516 506
506 516 506
507 516 506
508 516 506
509 516 506
510 516 506
511 516 506
512 516 506
513 516 506
514 516 506
515 516 506
516 516 506
517 516 506
518 516 506
519 516 506
520 516 506
521 516 506
522 516 506
523 516 506
524 516 506
525 516 506
526 516 506
527 516 506
528 516 506
529 516 506
530 516 506
531 516 506
532 516 506
499 517 506
500 517 506
501 517 506
502 517 506
503 517 506
504 517 506
505 517 506
506 517 506
507 517 506
508 517 506
509 517 506
510 517 506
511 517 506
512 517 506
513 517 506
514 517 506
515 517 506
516 517 506
517 517 506
518 517 506
519 517 506
520 517 506
521 517 506
522 517 506
523 517 506
524 517 506
525 517 506
526 517 506
527 517 506
528 517 506
529 517 506
530 517 506
531 517 506
500 518 506
529 518 506
530 518 506
531 518 506
500 499 507
501 499 507
502 499 507
503 499 507
504 499 507
505 499 507
508 499 507
529 499 507
499 500 507
500 500 507
501 500 507
502 500 507
503 500 507
504 500 507
505 500 507
506 500 507
507 500 507
508 500 507
509 500 507
510 500 507
511 500 507
512 500 507
513 500 507
514 500 507
515 500 507
516 500 507
517 500 507
518 500 507
519 500 507
520 500 507
521 500 507
522 500 507
523 500 507
524 500 507
525 500 507
526 500 507
527 500 507
528 500 507
529 500 507
530 500 507
531 500 507
532 500 507
498 501 507
499 501 507
500 501 507
501 501 507
502 501 507
503 501 507
504 501 507
505 501 507
506 501 507
507 501 507
508 501 507
509 501 507
510 501 507
511 501 507
512 501 507
513 501 507
514 501 507
515 501 507
516 501 507
517 501 507
518 501 507
519 501 507
520 501 507
521 501 507
522 501 507
523 501 507
524 501 507
525 501 507
526 501 507
527 501 507
528 501 507
529 501 507
530 501 507
531 501 507
532 501 507
498 502 507
499 502 507
500 502 507
501 502 507
505 502 507
507 502 507
508 502 507
510 502 507
514 502 507
515 502 507
517 502 507
520 502 507
522 502 507
523 502 507
524 502 507
526 502 507
529 502 507
530 502 507
531 502 507
532 502 507
498 503 507
499 503 507
500 503 507
504 503 507
506 503 507
507 503 507
509 503 507
511 503 507
517 503 507
518 503 507
520 503 507
521 503 507
522 503 507
524 503 507
525 503 507
526 503 507
527 503 507
528 503 507
529 503 507
530 503 507
531 503 507
532 503 507
498 504 507
499 504 507
500 504 507
501 504 507
502 504 507
504 504 507
506 504 507
508 504 507
510 504 507
512 504 507
513 504 507
514 504 507
515 504 507
516 504 507
519 504 507
520 504 507
521 504 507
526 504 507
527 504 507
528 504 507
529 504 507
530 504 507
531 504 507
532 504 507
498 505 507
499 505 507
500 505 507
503 505 507
505 505 507
507 505 507
508 505 507
511 505 507
512 505 507
514 505 507
516 505 507
517 505 507
519 505 507
521 505 507
524 505 507
525 505 507
526 505 507
527 505 507
528 505 507
529 505 507
530 505 507
531 505 507
532 505 507
499 506 507
500 506 507
502 506 507
503 506 507
504 506 507
506 506 507
508 506 507
509 506 507
510 506 507
511 506 507
512 506 507
515 506 507
516 506 507
517 506 507
519 506 507
520 506 507
522 506 507
524 506 507
525 506 507
527 506 507
528 506 507
529 506 507
530 506 507
531 506 507
532 506 507
498 507 507
499 507 507
500 507 507
502 507 507
504 507 507
505 507 507
506 507 507
507 507 507
509 507 507
510 507 507
511 507 507
512 507 507
514 507 507
517 507 507
518 507 507
519 507 507
520 507 507
524 507 507
526 507 507
527 507 507
528 507 507
529 507 507
530 507 507
531 507 507
532 507 507
498 508 507
499 508 507
500 508 507
501 508 507
502 508 507
503 508 507
504 508 507
505 508 507
506 508 507
508 508 507
509 508 507
510 508 507
511 508 507
512 508 507
513 508 507
514 508 507
516 508 507
517 508 507
518 508 507
519 508 507
520 508 507
521 508 507
522 508 507
523 508 507
524 508 507
525 508 507
526 508 507
527 508 507
528 508 507
529 508 507
530 508 507
531 508 507
532 508 507
498 509 507
499 509 507
500 509 507
501 509 507
502 509 507
503 509 507
504 509 507
505 509 507
506 509 507
507 509 507
508 509 507
509 509 507
510 509 507
511 509 507
512 509 507
513 509 507
514 509 507
515 509 507
516 509 507
517 509 507
518 509 507
519 509 507
520 509 507
521 509 507
522 509 507
523 509 507
524 509 507
525 509 507
526 509 507
527 509 507
528 509 507
529 509 507
530 509 507
531 509 507
532 509 507
498 510 507
499 510 507
500 510 507
501 510 507
502 510 507
503 510 507
504 510 507
505 510 507
506 510 507
507 510 507
508 510 507
509 510 507
510 510 507
511 510 507
513 510 507
514 510 507
515 510 507
516 510 507
517 510 507
518 510 507
519 510 507
520 510 507
521 510 507
522 510 507
523 510 507
524 510 507
525 510 507
526 510 507
527 510 507
528 510 507
529 510 507
530 510 507
531 510 507
532 510 507
498 511 507
499 511 507
500 511 507
501 511 507
502 511 507
503 511 507
504 511 507
505 511 507
506 511 507
507 511 507
508 511 507
509 511 507
510 511 507
511 511 507
512 511 507
513 511 507
514 511 507
515 511 507
516 511 507
517 511 507
518 511 507
519 511 507
520 511 507
521 511 507
522 511 507
523 511 507
524 511 507
525 511 507
526 511 507
527 511 507
528 511 507
529 511 507
530 511 507
531 511 507
532 511 507
498 512 507
499 512 507
500 512 507
501 512 507
502 512 507
503 512 507
504 512 507
505 512 507
506 512 507
507 512 507
508 512 507
509 512 507
510 512 507
511 512 507
512 512 507
513 512 507
514 512 507
515 512 507
516 512 507
517 512 507
518 512 507
519 512 507
520 512 507
521 512 507
522 512 507
523 512 507
524 512 507
525 512 507
526 512 507
527 512 507
528 512 507
529 512 507
530 512 507
531 512 507
532 512 507
498 513 507
499 513 507
500 513 507
501 513 507
502 513 507
503 513 507
504 513 507
505 513 507
506 513 507
507 513 507
508 513 507
509 513 507
510 513 507
511 513 507
512 513 507
513 513 507
514 513 507
515 513 507
516 513 507
517 513 507
518 513 507
519 513 507
520 513 507
521 513 507
522 513 507
523 513 507
524 513 507
525 513 507
526 513 507
527 513 507
528 513 507
529 513 507
530 513 507
531 513 507
532 513 507
498 514 507
499 514 507
500 514 507
501 514 507
502 514 507
503 514 507
504 514 507
505 514 507
506 514 507
507 514 507
508 514 507
509 514 507
510 514 507
511 514 507
512 514 507
513 514 507
514 514 507
515 514 507
516 514 507
517 514 507
518 514 507
519 514 507
520 514 507
521 514 507
522 514 507
523 514 507
524 514 507
525 514 507
526 514 507
527 514 507
528 514 507
529 514 507
530 514 507
531 514 507
532 514 507
498 515 507
499 515 507
500 515 507
501 515 507
502 515 507
503 515 507
504 515 507
505 515 507
506 515 507
507 515 507
508 515 507
509 515 507
510 515 507
511 515 507
512 515 507
513 515 507
514 515 507
515 515 507
516 515 507
517 515 507
518 515 507
519 515 507
520 515 507
521 515 507
522 515 507
523 515 507
524 515 507
525 515 507
526 515 507
527 515 507
528 515 507
529 515 507
530 515 507
531 515 507
532 515 507
499 516 507
500 516 507
501 516 507
502 516 507
503 516 507
504 516 507
505 516 507
506 516 507
507 516 507
508 516 507
509 516 507
510 516 507
511 516 507
512 516 507
513 516 507
514 516 507
515 516 507
516 516 507
517 516 507
518 516 507
519 516 507
520 516 507
521 516 507
522 516 507
523 516 507
524 516 507
525 516 507
526 516 507
527 516 507
528 516 507
529 516 507
530 516 507
531 516 507
499 517 507
500 517 507
501 517 507
502 517 507
503 517 507
504 517 507
505 517 507
506 517 507
507 517 507
508 517 507
509 517 507
510 517 507
511 517 507
512 517 507
513 517 507
514 517 507
515 517 507
516 517 507
517 517 507
518 517 507
519 517 507
520 517 507
521 517 507
522 517 507
523 517 507
524 517 507
525 517 507
526 517 507
527 517 507
528 517 507
529 517 507
530 517 507
531 517 507
499 499 508
502 499 508
503 499 508
504 499 508
499 500 508
500 500 508
501 500 508
502 500 508
503 500 508
504 500 508
505 500 508
506 500 508
507 500 508
508 500 508
509 500 508
510 500 508
511 500 508
512 500 508
513 500 508
514 500 508
515 500 508
516 500 508
517 500 508
518 500 508
519 500 508
520 500 508
521 500 508
522 500 508
523 500 508
524 500 508
525 500 508
526 500 508
527 500 508
528 500 508
529 500 508
530 500 508
531 500 508
498 501 508
499 501 508
500 501 508
501 501 508
502 501 508
503 501 508
504 501 508
505 501 508
506 501 508
507 501 508
508 501 508
509 501 508
510 501 508
511 501 508
512 501 508
513 501 508
514 501 508
515 501 508
516 501 508
517 501 508
518 501 508
519 501 508
520 501 508
521 501 508
522 501 508
523 501 508
524 501 508
525 501 508
526 501 508
527 501 508
528 501 508
529 501 508
530 501 508
531 501 508
532 501 508
498 502 508
499 502 508
500 502 508
501 502 508
502 502 508
503 502 508
504 502 508
505 502 508
506 502 508
507 502 508
508 502 508
509 502 508
510 502 508
511 502 508
512 502 508
514 502 508
515 502 508
516 502 508
517 502 508
518 502 508
519 502 508
520 502 508
521 502 508
522 502 508
523 502 508
524 502 508
525 502 508
526 502 508
527 502 508
528 502 508
529 502 508
530 502 508
531 502 508
532 502 508
498 503 508
499 503 508
500 503 508
501 503 508
502 503 508
503 503 508
504 503 508
505 503 508
506 503 508
507 503 508
508 503 508
509 503 508
510 503 508
511 503 508
512 503 508
513 503 508
514 503 508
515 503 508
516 503 508
517 503 508
518 503 508
519 503 508
520 503 508
521 503 508
522 503 508
523 503 508
524 503 508
525 503 508
526 503 508
527 503 508
528 503 508
529 503 508
530 503 508
531 503 508
532 503 508
498 504 508
499 504 508
500 504 508
501 504 508
502 504 508
503 504 508
504 504 508
505 504 508
506 504 508
507 504 508
508 504 508
509 504 508
510 504 508
511 504 508
512 504 508
513 504 508
514 504 508
515 504 508
516 504 508
517 504 508
518 504 508
519 504 508
520 504 508
521 504 508
522 504 508
523 504 508
524 504 508
525 504 508
526 504 508
527 504 508
528 504 508
529 504 508
530 504 508
531 504 508
532 504 508
499 505 508
500 505 508
501 505 508
502 505 508
503 505 508
504 505 508
505 505 508
506 505 508
507 505 508
508 505 508
509 505 508
510 505 508
511 505 508
512 505 508
513 505 508
514 505 508
515 505 508
516 505 508
517 505 508
518 505 508
519 505 508
520 505 508
521 505 508
522 505 508
523 505 508
524 505 508
525 505 508
526 505 508
527 505 508
528 505 508
529 505 508
530 505 508
531 505 508
532 505 508
498 506 508
499 506 508
500 506 508
501 506 508
502 506 508
503 506 508
504 506 508
505 506 508
506 506 508
507 506 508
508 506 508
509 506 508
510 506 508
511 506 508
512 506 508
513 506 508
514 506 508
515 506 508
516 506 508
517 506 508
518 506 508
519 506 508
520 506 508
521 506 508
522 506 508
523 506 508
524 506 508
525 506 508
526 506 508
527 506 508
528 506 508
529 506 508
530 506 508
531 506 508
532 506 508
498 507 508
499 507 508
500 507 508
501 507 508
502 507 508
503 507 508
504 507 508
505 507 508
506 507 508
507 507 508
508 507 508
509 507 508
510 507 508
511 507 508
512 507 508
513 507 508
514 507 508
515 507 508
516 507 508
517 507 508
518 507 508
519 507 508
520 507 508
521 507 508
522 507 508
523 507 508
524 507 508
525 507 508
526 507 508
527 507 508
528 507 508
529 507 508
530 507 508
531 507 508
532 507 508
498 508 508
499 508 508
500 508 508
501 508 508
502 508 508
503 508 508
504 508 508
505 508 508
506 508 508
507 508 508
508 508 508
509 508 508
510 508 508
511 508 508
512 508 508
513 508 508
514 508 508
515 508 508
516 508 508
517 508 508
518 508 508
519 508 508
520 508 508
521 508 508
522 508 508
523 508 508
524 508 508
525 508 508
526 508 508
527 508 508
528 508 508
529 508 508
530 508 508
531 508 508
532 508 508
498 509 508
499 509 508
500 509 508
501 509 508
502 509 508
503 509 508
504 509 508
505 509 508
506 509 508
507 509 508
508 509 508
509 509 508
510 509 508
511 509 508
512 509 508
513 509 508
514 509 508
515 509 508
516 509 508
517 509 508
518 509 508
519 509 508
520 509 508
521 509 508
522 509 508
523 509 508
524 509 508
525 509 508
526 509 508
527 509 508
528 509 508
529 509 508
530 509 508
531 509 508
532 509 508
498 510 508
499 510 508
500 510 508
501 510 508
502 510 508
503 510 508
504 510 508
505 510 508
506 510 508
507 510 508
508 510 508
509 510 508
510 510 508
511 510 508
512 510 508
513 510 508
514 510 508
515 510 508
516 510 508
517 510 508
518 510 508
519 510 508
520 510 508
521 510 508
522 510 508
523 510 508
524 510 508
525 510 508
526 510 508
527 510 508
528 510 508
529 510 508
530 510 508
531 510 508
532 510 508
498 511 508
499 511 508
500 511 508
501 511 508
502 511 508
503 511 508
504 511 508
505 511 508
506 511 508
507 511 508
508 511 508
509 511 508
510 511 508
511 511 508
512 511 508
513 511 508
514 511 508
515 511 508
516 511 508
517 511 508
518 511 508
519 511 508
520 511 508
521 511 508
522 511 508
523 511 508
524 511 508
525 511 508
526 511 508
527 511 508
528 511 508
529 511 508
530 511 508
531 511 508
532 511 508
498 512 508
499 512 508
500 512 508
501 512 508
502 512 508
503 512 508
504 512 508
505 512 508
506 512 508
507 512 508
508 512 508
509 512 508
510 512 508
511 512 508
512 512 508
513 512 508
514 512 508
515 512 508
516 512 508
517 512 508
518 512 508
519 512 508
520 512 508
521 512 508
522 512 508
523 512 508
524 512 508
525 512 508
526 512 508
527 512 508
528 512 508
529 512 508
530 512 508
531 512 508
498 513 508
499 513 508
500 513 508
501 513 508
502 513 508
503 513 508
504 513 508
505 513 508
506 513 508
507 513 508
508 513 508
509 513 508
510 513 508
511 513 508
512 513 508
513 513 508
514 513 508
515 513 508
516 513 508
517 513 508
518 513 508
519 513 508
520 513 508
521 513 508
522 513 508
523 513 508
524 513 508
525 513 508
526 513 508
527 513 508
528 513 508
529 513 508
530 513 508
532 513 508
498 514 508
499 514 508
500 514 508
501 514 508
502 514 508
503 514 508
504 514 508
505 514 508
506 514 508
507 514 508
508 514 508
509 514 508
510 514 508
511 514 508
512 514 508
513 514 508
514 514 508
515 514 508
516 514 508
517 514 508
518 514 508
519 514 508
520 514 508
521 514 508
522 514 508
523 514 508
524 514 508
525 514 508
526 514 508
527 514 508
528 514 508
529 514 508
530 514 508
532 514 508
498 515 508
499 515 508
500 515 508
501 515 508
502 515 508
503 515 508
504 515 508
505 515 508
506 515 508
507 515 508
508 515 508
509 515 508
510 515 508
511 515 508
512 515 508
513 515 508
514 515 508
515 515 508
516 515 508
517 515 508
518 515 508
519 515 508
520 515 508
521 515 508
522 515 508
523 515 508
524 515 508
525 515 508
526 515 508
527 515 508
528 515 508
529 515 508
530 515 508
531 515 508
499 516 508
500 516 508
501 516 508
502 516 508
503 516 508
504 516 508
505 516 508
506 516 508
507 516 508
508 516 508
509 516 508
510 516 508
511 516 508
512 516 508
513 516 508
514 516 508
515 516 508
516 516 508
517 516 508
518 516 508
519 516 508
520 516 508
521 516 508
522 516 508
523 516 508
524 516 508
525 516 508
526 516 508
527 516 508
528 516 508
529 516 508
530 516 508
531 516 508
499 517 508
500 517 508
501 517 508
502 517 508
503 517 508
504 517 508
505 517 508
506 517 508
507 517 508
509 517 508
510 517 508
511 517 508
512 517 508
513 517 508
514 517 508
520 517 508
521 517 508
522 517 508
523 517 508
524 517 508
525 517 508
528 517 508
529 517 508
499 500 509
500 500 509
501 500 509
502 500 509
503 500 509
504 500 509
505 500 509
506 500 509
507 500 509
508 500 509
509 500 509
510 500 509
511 500 509
512 500 509
513 500 509
514 500 509
515 500 509
516 500 509
517 500 509
518 500 509
519 500 509
520 500 509
521 500 509
522 500 509
523 500 509
524 500 509
525 500 509
526 500 509
527 500 509
528 500 509
529 500 509
530 500 509
531 500 509
498 501 509
499 501 509
500 501 509
501 501 509
502 501 509
503 501 509
504 501 509
505 501 509
506 501 509
507 501 509
508 501 509
509 501 509
510 501 509
511 501 509
512 501 509
513 501 509
514 501 509
515 501 509
516 501 509
517 501 509
518 501 509
519 501 509
520 501 509
521 501 509
522 501 509
523 501 509
524 501 509
525 501 509
526 501 509
527 501 509
528 501 509
529 501 509
530 501 509
531 501 509
498 502 509
499 502 509
500 502 509
501 502 509
502 502 509
503 502 509
504 502 509
505 502 509
506 502 509
507 502 509
508 502 509
509 502 509
510 502 509
511 502 509
512 502 509
513 502 509
514 502 509
515 502 509
516 502 509
517 502 509
518 502 509
519 502 509
520 502 509
521 502 509
522 502 509
523 502 509
524 502 509
525 502 509
526 502 509
527 502 509
528 502 509
529 502 509
530 502 509
531 502 509
532 502 509
498 503 509
499 503 509
500 503 509
501 503 509
502 503 509
503 503 509
504 503 509
505 503 509
506 503 509
507 503 509
508 503 509
509 503 509
510 503 509
511 503 509
512 503 509
513 503 509
514 503 509
515 503 509
517 503 509
518 503 509
519 503 509
520 503 509
521 503 509
522 503 509
523 503 509
524 503 509
525 503 509
526 503 509
527 503 509
528 503 509
529 503 509
530 503 509
531 503 509
498 504 509
499 504 509
500 504 509
501 504 509
503 504 509
504 504 509
505 504 509
506 504 509
507 504 509
508 504 509
509 504 509
510 504 509
511 504 509
512 504 509
513 504 509
514 504 509
515 504 509
516 504 509
517 504 509
518 504 509
519 504 509
520 504 509
521 504 509
522 504 509
523 504 509
524 504 509
525 504 509
526 504 509
527 504 509
528 504 509
529 504 509
530 504 509
531 504 509
499 505 509
500 505 509
501 505 509
502 505 509
503 505 509
504 505 509
505 505 509
506 505 509
507 505 509
508 505 509
509 505 509
510 505 509
511 505 509
512 505 509
513 505 509
514 505 509
515 505 509
516 505 509
517 505 509
518 505 509
519 505 509
520 505 509
521 505 509
522 505 509
523 505 509
524 505 509
525 505 509
526 505 509
527 505 509
528 505 509
529 505 509
530 505 509
531 505 509
532 505 509
498 506 509
499 506 509
500 506 509
501 506 509
502 506 509
503 506 509
504 506 509
505 506 509
506 506 509
507 506 509
508 506 509
509 506 509
510 506 509
511 506 509
512 506 509
513 506 509
514 506 509
515 506 509
516 506 509
517 506 509
518 506 509
519 506 509
520 506 509
521 506 509
522 506 509
523 506 509
524 506 509
526 506 509
528 506 509
529 506 509
530 506 509
531 506 509
532 506 509
498 507 509
499 507 509
500 507 509
501 507 509
502 507 509
503 507 509
504 507 509
505 507 509
506 507 509
507 507 509
508 507 509
509 507 509
510 507 509
511 507 509
512 507 509
513 507 509
514 507 509
515 507 509
517 507 509
518 507 509
519 507 509
520 507 509
521 507 509
522 507 509
523 507 509
524 507 509
525 507 509
526 507 509
527 507 509
528 507 509
529 507 509
530 507 509
532 507 509
499 508 509
500 508 509
501 508 509
502 508 509
503 508 509
504 508 509
505 508 509
506 508 509
507 508 509
509 508 509
510 508 509
511 508 509
512 508 509
513 508 509
514 508 509
515 508 509
516 508 509
517 508 509
518 508 509
519 508 509
521 508 509
522 508 509
523 508 509
524 508 509
525 508 509
526 508 509
527 508 509
528 508 509
529 508 509
499 509 509
500 509 509
501 509 509
502 509 509
503 509 509
504 509 509
505 509 509
506 509 509
507 509 509
508 509 509
509 509 509
510 509 509
511 509 509
512 509 509
513 509 509
514 509 509
515 509 509
516 509 509
517 509 509
518 509 509
519 509 509
523 509 509
499 510 509
500 510 509
501 510 509
502 510 509
503 510 509
504 510 509
505 510 509
506 510 509
507 510 509
508 510 509
509 510 509
510 510 509
511 510 509
512 510 509
513 510 509
514 510 509
519 510 509
499 511 509
500 511 509
501 511 509
502 511 509
503 511 509
504 511 509
505 511 509
507 511 509
508 511 509
512 511 509
514 511 509
517 511 509
499 512 509
500 512 509
501 512 509
502 512 509
503 512 509
504 512 509
505 512 509
506 512 509
507 512 509
510 512 509
511 512 509
512 512 509
514 512 509
500 513 509
501 513 509
503 513 509
504 513 509
505 513 509
509 513 509
511 513 509
525 513 509
500 514 509
506 514 509
509 514 509
529 514 509
518 515 509
522 515 509
523 515 509
525 515 509
526 515 509
530 515 509
500 517 509
504 500 510
512 500 510
514 500 510
515 500 510
516 500 510
517 500 510
518 500 510
519 500 510
520 500 510
521 500 510
522 500 510
523 500 510
524 500 510
525 500 510
526 500 510
527 500 510
528 500 510
529 500 510
530 500 510
531 500 510
499 501 510
500 501 510
501 501 510
502 501 510
503 501 510
504 501 510
505 501 510
506 501 510
507 501 510
508 501 510
509 501 510
510 501 510
511 501 510
512 501 510
513 501 510
514 501 510
515 501 510
516 501 510
517 501 510
518 501 510
519 501 510
520 501 510
521 501 510
522 501 510
523 501 510
524 501 510
525 501 510
526 501 510
527 501 510
528 501 510
529 501 510
530 501 510
531 501 510
498 502 510
499 502 510
500 502 510
501 502 510
502 502 510
503 502 510
504 502 510
505 502 510
506 502 510
507 502 510
508 502 510
510 502 510
511 502 510
512 502 510
513 502 510
514 502 510
515 502 510
516 502 510
517 502 510
518 502 510
519 502 510
520 502 510
521 502 510
522 502 510
523 502 510
524 502 510
525 502 510
526 502 510
527 502 510
528 502 510
529 502 510
530 502 510
531 502 510
499 503 510
500 503 510
501 503 510
502 503 510
503 503 510
504 503 510
505 503 510
507 503 510
508 503 510
509 503 510
511 503 510
512 503 510
513 503 510
514 503 510
515 503 510
516 503 510
517 503 510
518 503 510
519 503 510
520 503 510
521 503 510
523 503 510
524 503 510
525 503 510
526 503 510
527 503 510
528 503 510
530 503 510
499 504 510
500 504 510
501 504 510
502 504 510
503 504 510
504 504 510
506 504 510
507 504 510
508 504 510
509 504 510
511 504 510
513 504 510
515 504 510
516 504 510
518 504 510
519 504 510
522 504 510
524 504 510
526 504 510
527 504 510
529 504 510
530 504 510
498 505 510
499 505 510
500 505 510
502 505 510
504 505 510
506 505 510
508 505 510
509 505 510
511 505 510
513 505 510
515 505 510
517 505 510
518 505 510
519 505 510
523 505 510
499 506 510
500 506 510
501 506 510
503 506 510
504 506 510
505 506 510
506 506 510
509 506 510
510 506 510
511 506 510
512 506 510
514 506 510
515 506 510
500 507 510
501 507 510
503 507 510
506 507 510
507 507 510
508 507 510
509 507 510
510 507 510
500 508 510
502 508 510
503 508 510
504 508 510
507 508 510
500 509 510
501 509 510
504 509 510
505 509 510
500 510 510
501 510 510
516 500 511
530 500 511
499 501 511
500 501 511
502 501 511
503 501 511
505 501 511
506 501 511
507 501 511
509 501 511
510 501 511
512 501 511
513 501 511
517 501 511
522 501 511
523 501 511
524 501 511
526 501 511
528 501 511
499 502 511
500 502 511
501 502 511
502 502 511
503 502 511
504 502 511
505 502 511
509 502 511
511 502 511
512 502 511
499 503 511
500 503 511
502 503 511
504 503 511
505 503 511
499 504 511
500 504 511
503 504 511
504 504 511
507 504 511
500 505 511
